2.000000000000000000e+00
-2.000000000000000000e+00
1.232584094276419684e+00
2.000000000000000000e+00
-2.000000000000000000e+00
-2.000000000000000000e+00
1.835993291145094908e+00
-2.000000000000000000e+00
2.000000000000000000e+00
2.000000000000000000e+00
-2.000000000000000000e+00
2.000000000000000000e+00
-2.000000000000000000e+00
-7.523453331080935946e-01
-2.000000000000000000e+00
-2.000000000000000000e+00
-2.000000000000000000e+00
-2.000000000000000000e+00
-8.190274322238804139e-01
-2.000000000000000000e+00
-2.000000000000000000e+00
-1.079973136530412159e+00
2.000000000000000000e+00
1.640008857434701817e+00
2.000000000000000000e+00
4.292192702722927855e-01
-1.841889147702272078e+00
1.871044622627644038e+00
2.000000000000000000e+00
-2.000000000000000000e+00
-2.000000000000000000e+00
-1.287945388053044482e+00
2.000000000000000000e+00
-2.000000000000000000e+00
9.277795237067842926e-01
-2.000000000000000000e+00
-2.000000000000000000e+00
-6.373778135577694570e-01
2.000000000000000000e+00
-1.838347645032415212e+00
-2.000000000000000000e+00
3.570400095685006825e-01
-2.000000000000000000e+00
-2.000000000000000000e+00
-2.000000000000000000e+00
1.984123109492430537e-01
-2.000000000000000000e+00
4.003830685497420383e-01
-2.000000000000000000e+00
9.060223675941543320e-01
2.000000000000000000e+00
-1.547847223906773984e+00
-7.257093150375366619e-01
-2.000000000000000000e+00
-3.486417880689760551e-01
-2.000000000000000000e+00
-2.000000000000000000e+00
-2.000000000000000000e+00
2.364300121182716374e-01
2.000000000000000000e+00
2.000000000000000000e+00
-9.947476476451868610e-01
-2.000000000000000000e+00
1.423924633545485818e-01
2.000000000000000000e+00
8.182296559090485033e-02
2.000000000000000000e+00
1.869611078464342491e+00
-2.000000000000000000e+00
-2.000000000000000000e+00
2.000000000000000000e+00
-2.000000000000000000e+00
-2.000000000000000000e+00
-4.864955719109005372e-01
-2.000000000000000000e+00
2.764957198858657428e-01
2.000000000000000000e+00
2.000000000000000000e+00
-2.000000000000000000e+00
2.000000000000000000e+00
-2.000000000000000000e+00
-5.840014651318137240e-02
2.000000000000000000e+00
1.959250933378406057e+00
-2.000000000000000000e+00
5.113003658168908672e-01
7.765811477040283073e-01
-3.097737713500450241e-01
-2.745963354427800596e-01
-2.000000000000000000e+00
2.000000000000000000e+00
-2.000000000000000000e+00
2.000000000000000000e+00
2.000000000000000000e+00
1.381476316969773688e+00
-7.561648219030092655e-02
1.856556763736096460e+00
2.000000000000000000e+00
-2.000000000000000000e+00
-3.658531938489946178e-01
-2.000000000000000000e+00
-2.000000000000000000e+00
-2.000000000000000000e+00
-2.000000000000000000e+00
-5.040418311091325876e-01
2.000000000000000000e+00
2.000000000000000000e+00
-2.000000000000000000e+00
4.546079977242674097e-01
-2.000000000000000000e+00
-2.000000000000000000e+00
2.000000000000000000e+00
2.000000000000000000e+00
4.632298667338776710e-01
2.000000000000000000e+00
-2.000000000000000000e+00
-1.261608858935054034e+00
-1.798534204565298111e+00
-2.000000000000000000e+00
-1.545767307964094783e+00
