1.138683669195492243e+00
-2.000000000000000000e+00
-1.971234346647025015e+00
-2.000000000000000000e+00
-2.000000000000000000e+00
-2.000000000000000000e+00
-2.000000000000000000e+00
-7.652591006738915791e-01
-2.000000000000000000e+00
-2.000000000000000000e+00
2.000000000000000000e+00
-2.000000000000000000e+00
1.196667758741630117e+00
-3.948459490085540757e-01
-2.000000000000000000e+00
-2.000000000000000000e+00
-2.000000000000000000e+00
1.047800461584726062e+00
-2.000000000000000000e+00
4.058868305724177006e-01
-2.000000000000000000e+00
7.011181981463927571e-01
-2.000000000000000000e+00
-2.000000000000000000e+00
-1.975979110036139019e-01
-2.000000000000000000e+00
-2.000000000000000000e+00
-1.201653602823762768e+00
-2.000000000000000000e+00
2.000000000000000000e+00
-4.043157892285118571e-01
-2.000000000000000000e+00
-2.000000000000000000e+00
2.809235644553087496e-01
1.252758583134323978e+00
-2.000000000000000000e+00
-4.481005167398910416e-02
2.926557988331457416e-01
-2.000000000000000000e+00
-1.159219943531395458e-01
3.125676457944637221e-02
2.000000000000000000e+00
-2.000000000000000000e+00
2.000000000000000000e+00
2.000000000000000000e+00
9.065580063399103494e-01
-1.525193172814092168e-01
1.060652683927145734e+00
-2.000000000000000000e+00
1.963877555048591184e+00
-2.000000000000000000e+00
2.000000000000000000e+00
2.000000000000000000e+00
2.000000000000000000e+00
-2.000000000000000000e+00
2.000000000000000000e+00
-1.512076489286515724e-01
-7.213247063814174354e-01
-1.640125400022458990e+00
2.000000000000000000e+00
2.000000000000000000e+00
-2.000000000000000000e+00
-1.300943444821437867e+00
-2.000000000000000000e+00
3.297677947403565568e-02
2.000000000000000000e+00
-3.485915575016493850e-01
-2.000000000000000000e+00
-2.000000000000000000e+00
-2.000000000000000000e+00
-1.985328376781155146e+00
-2.000000000000000000e+00
2.000000000000000000e+00
-2.000000000000000000e+00
2.000000000000000000e+00
-2.000000000000000000e+00
3.141102731107507928e-01
2.000000000000000000e+00
8.532591658601802465e-01
-2.000000000000000000e+00
-2.000000000000000000e+00
-2.000000000000000000e+00
-5.177673335626664652e-02
2.000000000000000000e+00
-2.000000000000000000e+00
-2.000000000000000000e+00
-2.000000000000000000e+00
1.250836763104520521e+00
-2.000000000000000000e+00
2.000000000000000000e+00
-2.000000000000000000e+00
2.000000000000000000e+00
-2.000000000000000000e+00
-1.352985332224414972e+00
2.000000000000000000e+00
2.000000000000000000e+00
-2.000000000000000000e+00
-2.000000000000000000e+00
-2.000000000000000000e+00
-2.000000000000000000e+00
-2.000000000000000000e+00
2.000000000000000000e+00
1.328820547010300501e+00
9.756563088653500415e-01
2.000000000000000000e+00
-2.000000000000000000e+00
-2.027449673082526438e-02
2.000000000000000000e+00
2.000000000000000000e+00
-2.000000000000000000e+00
-2.000000000000000000e+00
-2.000000000000000000e+00
-9.790983246205864354e-01
-2.000000000000000000e+00
-2.000000000000000000e+00
-1.269147732513958182e+00
-2.000000000000000000e+00
-2.000000000000000000e+00
-2.000000000000000000e+00
-2.000000000000000000e+00
